#OTU ID	MQ200925-86	MQ200925-87	MQ200925-88	MQ200925-89	MQ200925-90	MQ200925-91	MQ200925-92	MQ200925-93	MQ200925-94	MQ200925-95	MQ200925-96	MQ200925-97	MQ200925-98	MQ200925-99	MQ200925-100	MQ200925-101	MQ200925-102	MQ200925-103	MQ200925-104	MQ200925-105	MQ200925-106	MQ200925-107	MQ200925-108	MQ200925-109	MQ200925-110	MQ200925-111	MQ200925-112	MQ200925-113	MQ200925-114	MQ200925-115	MQ200925-116	MQ200925-117	MQ200925-118	MQ200925-119	MQ200925-120	MQ200925-121	MQ200925-122	MQ200925-123	MQ200925-124	MQ200925-125	MQ200925-126	MQ200925-127	MQ200925-128	MQ200925-129	MQ200925-130	MQ200925-131	MQ200925-132	MQ200925-133	MQ200925-134	MQ200925-135	MQ200925-136	MQ200925-137	MQ200925-138	MQ200925-139	MQ200925-140	MQ200925-141	MQ200925-142	MQ200925-143	MQ200925-144	MQ200925-145	MQ200925-146	MQ200925-147	MQ200925-148	MQ200925-149	MQ200925-150	MQ200925-151	MQ200925-152	MQ200925-153
ASV16	1875	1886	5377	4966	811	1421	1	30	135	120	118	152	23	21	23	30	19	22	38	27	0	0	0	0	0	0	1	0	5	3	5	0	165	161	158	148	60	50	1	3	1839	1428	109	144	2448	2475	2499	1928	270	256	201	166	173	161	370	325	1	0	0	0	10	6	10	7	10	22	190	195
ASV1	17689	16729	16990	17078	9706	17866	2502	21315	16957	16406	16177	13940	22828	26783	22677	22649	18181	20340	22721	21682	22678	22626	21894	15538	23316	21617	25848	29399	16184	15802	15886	12694	16822	17542	14037	16481	25879	25203	23666	19682	17665	15021	17818	20384	16367	16833	16572	15795	21383	18979	20623	17561	24841	22154	25731	22402	22435	9238	19450	20352	21750	18385	23541	18429	18736	17882	20228	20854
ASV11	1139	941	1811	2056	849	1626	5	114	1021	1264	978	1045	244	247	292	278	211	224	218	269	1	1	0	0	1	0	1	0	76	70	91	63	1808	1382	1351	1571	1183	1061	199	116	1226	1117	715	887	1170	1151	1247	1032	864	692	831	630	1084	874	1149	930	625	235	802	833	654	392	432	389	205	263	488	521
ASV2	4995	4838	3371	3336	2479	4214	16	148	5687	3630	5749	3943	3747	4643	3688	3799	2717	3005	3303	3315	3	7	1	1	0	0	4	3	201	220	200	163	4856	4987	4051	4777	4026	3857	1649	1435	2915	2184	1131	1259	3457	3274	3912	3161	3516	2994	2486	2565	4002	3509	4582	4304	74	34	57	66	211	169	224	205	287	247	182	197
ASV7	3655	3547	3336	3219	1755	3060	4	19	2224	1706	2115	1921	1792	2125	1965	1911	1459	1534	2000	2017	0	1	0	0	0	0	4	2	8	2	4	8	911	822	703	765	4	17	4937	4016	650	546	2969	3699	36	42	45	25	396	390	329	345	826	627	961	866	16	8	22	21	23	30	37	31	23	19	35	16
ASV17	587	566	367	339	146	312	1	2	482	141	480	106	4	0	1	0	0	0	0	0	0	0	0	0	0	0	0	11	7871	7702	6398	5410	11	14	14	55	0	9	0	0	7	5	0	0	28	28	21	15	0	0	0	0	0	0	0	0	0	1	2	0	0	0	0	0	0	0	0	0
ASV55	181	215	127	128	40	68	0	6	5	26	2	15	0	0	0	5	0	0	0	0	0	0	0	0	0	0	0	1	6	0	0	0	32	32	31	27	15	8	0	0	36	40	0	0	28	28	30	26	19	16	56	50	22	37	53	51	0	0	0	5	0	2	10	2	0	3	5	4
ASV182	338	253	351	301	164	285	8	109	215	247	243	267	75	68	75	70	53	61	78	71	20	20	14	20	28	19	19	25	280	251	229	170	245	278	238	253	76	69	90	63	253	244	63	88	275	284	280	252	110	94	68	74	100	80	104	82	83	45	73	63	71	75	97	59	51	72	54	48
ASV22	21	20	43	25	21	30	20	181	62	21	51	31	39	43	25	41	21	25	31	28	0	0	0	3	1	0	1	2	107	109	91	99	341	329	236	217	205	223	32	23	2283	1998	93	108	1269	1432	1410	1346	52	41	51	30	46	56	86	71	48	31	39	46	94	73	139	79	117	114	78	107
ASV4	6771	6542	4978	5315	5160	9170	2	5	6	2	4	5	2	6	3	5	5	10	4	7	3	0	0	0	1	1	1	1	12	7	4	21	8491	8901	6831	7762	25	79	2	2	371	258	3	15	7349	7471	6833	5601	49	61	11	21	5	6	11	13	0	1	1	2	5	1	9	0	3	8	0	8
ASV14	764	764	912	953	220	456	17	78	55	42	37	24	58	72	62	56	33	47	68	63	1	0	0	0	1	1	0	0	40	31	23	19	26	29	16	26	434	440	304	212	47	39	41	57	277	244	293	196	90	96	70	79	108	105	126	109	2804	993	2335	2528	2372	2044	2441	1858	2041	1972	2126	2433
ASV119	109	75	96	119	28	63	6	48	33	28	30	23	48	62	61	64	45	47	67	50	0	2	0	0	5	2	0	1	18	13	13	17	44	48	39	37	152	133	139	102	128	101	62	86	109	115	107	98	35	46	32	33	42	29	42	44	181	109	179	209	217	187	184	131	161	172	138	149
ASV149	226	219	234	224	151	241	4	20	226	196	210	215	1	2	3	5	0	0	3	0	0	0	0	0	0	0	0	0	13	12	12	12	271	273	199	242	6	12	0	0	59	82	0	3	215	193	220	171	33	34	17	23	33	18	43	24	0	0	0	0	0	0	0	2	0	2	2	5
ASV45	27	30	1	3	1	1	4	31	1	3	0	1	1	1	0	0	0	0	0	0	0	0	0	0	0	0	0	0	0	4	7	3	523	469	449	540	14	15	0	2	57	43	1	0	0	0	0	0	4	3	0	0	5	1	0	2	0	0	1	0	2	0	2	1	3	0	0	1
ASV24	245	189	130	132	60	115	17	167	226	168	208	134	181	233	260	247	181	163	228	213	0	0	0	0	0	0	0	1	384	428	417	296	310	306	130	193	249	212	282	202	38	32	98	127	94	110	111	113	240	244	196	186	287	251	340	300	160	64	153	152	253	205	299	238	287	225	239	306
ASV15	528	536	495	500	282	505	158	1464	688	653	613	696	736	838	1010	879	690	669	748	861	3	4	3	3	8	9	22	48	1052	1117	985	854	322	303	253	323	99	74	840	556	553	555	646	728	463	397	444	428	451	436	382	347	593	458	641	538	373	159	368	324	677	465	687	637	579	650	695	777
ASV44	201	263	67	43	30	48	0	2	382	367	517	186	0	0	0	0	0	0	0	0	0	0	0	0	0	0	0	0	0	0	0	0	0	0	0	0	0	0	0	0	1	10	0	0	0	0	0	0	32	25	11	6	12	11	9	5	0	0	0	0	0	0	0	0	0	0	0	0
ASV19	542	469	411	419	212	339	103	1091	678	720	686	591	146	203	155	210	143	137	195	166	1	0	0	0	1	0	0	1	533	522	582	484	548	582	697	717	38	54	145	122	931	796	383	407	370	344	361	317	321	305	261	202	434	425	485	434	68	23	128	79	739	481	719	541	499	541	789	726
ASV10	352	303	402	434	192	355	142	1355	7173	7685	7082	9953	16	4	2	1	2	4	1	0	0	0	0	0	0	1	0	0	15	20	12	9	30	35	28	25	171	165	0	4	2317	2014	4	1	73	90	57	103	398	320	250	193	482	394	583	496	3	0	0	1	11	12	21	8	20	7	9	22
ASV27	22	19	39	38	3	9	7	59	73	62	55	35	79	73	88	80	73	84	69	64	656	641	229	176	101	106	231	361	8	6	7	8	40	20	20	16	38	47	43	21	470	356	367	448	874	929	1058	828	26	30	10	28	30	23	51	40	12	6	12	15	61	36	61	34	41	66	75	51
ASV58	278	244	35	15	10	20	0	0	14	6	11	8	0	0	0	0	0	0	0	0	0	0	0	0	0	0	0	0	20	12	49	52	0	0	0	0	0	0	0	0	0	0	0	0	0	0	0	0	0	0	0	0	0	0	0	0	1	0	0	0	0	0	0	0	0	0	0	0
ASV31	144	136	193	199	50	114	11	86	68	54	43	45	156	197	171	188	102	164	147	182	0	0	1	0	0	0	0	0	10	10	16	15	3	5	4	5	686	579	857	634	22	15	13	13	101	90	102	92	34	22	24	12	42	28	47	35	125	46	79	91	79	67	62	36	62	42	42	35
ASV21	75	89	618	702	228	434	6	59	25	48	25	57	12	18	5	11	15	7	14	13	0	1	0	0	0	0	0	0	49	26	15	11	573	564	472	491	55	103	369	348	39	41	109	117	135	149	155	120	1217	986	834	736	1573	1447	1891	1737	16	2	10	11	31	37	50	44	44	44	43	36
ASV13	204	219	21	26	22	44	1	0	143	11	170	7	8	4	9	4	5	4	2	6	0	0	0	1	0	1	1	0	0	0	1	0	2	4	2	2	0	0	298	211	374	299	8	8	2	0	0	8	4455	3902	3646	3138	4578	3688	4181	3640	0	0	2	0	0	1	1	1	0	0	0	1
ASV48	45	21	16	25	9	14	0	2	12	1	6	6	12	21	41	40	14	28	16	14	0	0	0	0	0	0	0	0	0	2	0	3	1	2	2	1	158	110	184	168	8	2	8	7	77	87	86	53	13	5	17	9	16	8	14	8	165	82	162	143	50	44	78	38	55	51	61	55
ASV66	17	10	6	7	1	8	0	12	10	7	10	1	14	10	15	18	8	9	8	12	0	0	0	0	0	0	0	0	26	15	22	14	14	14	12	11	13	12	13	15	3	1	11	13	8	4	3	9	13	14	12	11	17	7	24	15	5	5	4	7	16	9	13	11	13	17	21	15
ASV23	54	37	78	77	13	20	8	159	71	66	51	69	10	5	11	6	7	10	2	12	0	0	0	0	0	0	1	0	28	31	40	32	149	187	88	89	286	303	5	20	3177	2318	48	48	782	804	861	746	28	19	13	26	25	18	59	38	24	13	14	19	79	44	68	56	49	48	55	47
ASV3	9	12	23	61	6	10	317	3760	776	874	898	823	2333	2537	2456	2822	2625	3059	2901	3120	1048	899	611	517	1305	1120	1075	1273	35	30	20	24	764	743	710	839	6416	5058	7849	6502	3	5	3029	3281	25	19	14	9	736	887	1025	903	1139	1310	1109	950	3454	1257	2696	2773	3207	2474	3687	2493	2471	2035	3377	2925
ASV59	5	2	11	2	1	3	0	17	15	6	11	7	12	14	12	16	14	4	9	13	0	0	0	0	0	0	0	0	1	2	2	6	14	26	13	15	36	48	6	4	71	51	4	6	28	35	36	30	2	5	4	8	2	1	11	6	1	0	1	7	13	11	5	10	4	22	6	10
ASV40	89	48	140	68	39	63	27	257	38	61	61	113	30	54	43	33	37	66	28	60	0	0	0	0	0	0	0	2	25	18	31	11	439	202	147	109	65	75	107	79	24	19	0	38	29	15	4	8	143	126	181	251	269	170	297	420	112	86	141	199	12	9	10	11	4	15	2	22
ASV38	149	192	5	5	13	22	0	3	1677	244	1898	231	0	0	0	0	0	0	0	0	0	0	0	0	0	0	1	0	0	0	0	0	5	1	22	11	0	0	0	1	84	93	0	0	188	170	179	135	0	0	0	0	0	0	0	0	0	0	0	0	0	0	0	0	0	0	0	0
ASV29	14	9	20	24	10	10	17	175	37	35	59	42	167	144	130	162	151	144	158	172	655	550	580	424	542	505	614	565	212	198	181	152	64	36	60	47	396	362	395	315	62	54	224	276	5	8	3	4	56	82	95	94	82	99	113	80	195	82	189	205	288	215	331	221	199	205	225	200
ASV213	39	39	37	37	27	39	2	32	58	36	39	44	66	67	59	62	50	42	52	63	6	10	12	6	7	10	12	9	14	20	16	14	58	56	27	54	58	63	47	45	26	33	22	32	45	38	36	39	70	58	47	59	68	72	52	50	40	11	49	47	55	38	68	44	26	36	42	38
ASV5	75	73	1	8	0	0	341	2366	14	4	15	6	2082	2475	2607	2666	1887	1947	2114	2199	2	1	0	1	0	1	4	2	993	986	993	792	1	0	0	10	1648	1487	1456	1316	0	1	1246	1695	63	76	97	67	165	109	125	158	352	266	155	166	5413	2156	4191	4360	4596	3933	5216	3579	3708	3026	4779	4665
ASV36	89	73	372	390	6	15	3	57	123	138	61	106	6	14	16	14	4	9	11	13	0	0	1	1	1	0	1	1	20	8	8	4	185	198	90	73	440	440	3	7	231	159	54	62	338	322	356	297	27	14	6	10	16	10	18	17	27	10	26	15	56	77	50	51	45	47	44	46
ASV25	16	19	0	3	0	1	37	351	2	0	2	0	343	423	452	485	358	370	347	384	0	0	0	0	0	1	0	0	128	139	160	128	0	0	0	0	971	796	214	170	0	0	107	178	1	1	1	2	6	12	21	22	42	43	15	16	662	294	614	636	317	252	371	256	296	263	272	269
ASV56	3	4	11	10	9	15	4	49	34	34	36	38	6	2	0	1	3	2	1	0	0	0	0	0	0	0	0	0	67	66	51	44	145	96	70	80	32	25	0	0	3	1	3	8	4	0	8	8	2	2	4	5	4	4	2	0	0	0	2	0	5	6	29	8	9	33	15	9
ASV51	12	7	3	4	2	9	9	20	10	4	6	35	20	34	10	17	23	59	13	18	0	0	0	0	0	0	0	0	29	29	30	18	54	30	17	26	25	27	40	21	24	44	30	26	50	53	42	40	32	20	17	13	17	45	35	25	57	15	38	81	26	29	29	30	20	13	41	20
ASV92	5	2	0	2	0	0	0	0	0	0	0	0	0	0	0	0	0	0	0	0	0	0	0	0	0	0	0	0	0	0	0	0	45	40	56	59	0	0	0	0	0	0	0	0	0	0	0	0	0	0	0	0	0	0	0	0	0	0	0	0	0	0	0	0	0	0	0	0
ASV80	26	27	72	70	23	55	1	10	1	4	2	5	1	6	2	2	2	4	0	1	0	0	0	0	0	0	0	0	1	10	1	3	5	2	3	1	3	0	2	0	5	2	2	1	1	3	5	4	2	3	2	5	4	3	3	1	0	0	1	1	0	0	0	0	0	2	0	0
ASV32	28	14	56	72	13	38	6	28	50	16	6	9	14	10	18	17	15	5	13	16	81	326	0	0	0	2	3	2	35	50	22	24	29	41	15	12	16	9	16	21	6	6	57	5	11	5	4	10	14	22	8	7	10	6	14	8	16	6	16	17	458	462	646	650	698	964	671	1001
ASV52	28	14	519	613	53	135	0	0	0	2	0	0	0	0	0	0	0	0	0	0	0	0	0	0	0	0	0	0	2	3	0	0	22	24	31	26	0	2	0	0	5	1	1	0	0	0	0	0	0	0	0	0	0	0	1	1	0	0	0	0	0	0	0	0	0	0	0	0
ASV78	15	11	28	20	7	20	0	0	0	0	0	0	0	0	0	0	0	0	0	0	0	0	0	0	0	0	0	0	31	38	22	28	18	14	14	24	0	4	0	0	0	0	0	0	0	0	0	0	0	0	0	0	0	0	0	0	0	0	0	0	1	0	5	7	7	5	0	0
ASV57	12	21	6	4	4	16	0	5	13	5	4	4	20	19	23	9	17	23	8	6	0	0	0	0	0	0	0	0	7	7	2	7	13	25	12	12	8	13	5	16	18	23	13	11	33	22	28	25	7	10	13	8	10	8	17	17	33	6	44	47	8	16	10	15	9	11	10	16
ASV12	5	2	34	29	1	2	5	21	5	16	10	15	7	2	6	2	1	5	3	5	1	6	1	2	0	0	5	24	11967	10845	10678	8715	13	20	10	86	46	39	0	2	3	4	1	3	8	6	5	6	2	2	6	4	3	7	2	3	2	0	1	0	4	3	3	2	7	5	8	2
ASV20	7	9	1	1	2	3	0	1	19	17	19	13	0	0	0	0	0	0	0	0	0	0	0	0	0	0	0	0	6	10	13	5	0	0	0	0	1	1	0	2	1200	1247	1	6	4852	4268	4425	3866	1	5	0	0	0	1	0	0	0	0	0	0	0	0	0	0	0	0	0	0
ASV39	7	9	1	0	3	4	0	1	205	77	133	75	10	15	8	3	10	5	9	10	0	0	0	0	0	0	0	0	621	537	658	471	59	64	32	47	0	2	282	181	171	160	22	37	10	5	4	16	29	19	28	10	142	102	78	70	3	0	2	5	98	101	179	119	98	75	90	94
ASV64	1	3	6	4	4	3	1	7	2	2	0	1	3	1	2	2	2	2	3	3	0	0	0	0	0	0	0	0	1	0	0	1	0	0	0	1	1	1	2	1	1	0	0	0	0	0	0	0	1	2	1	0	0	1	0	1	1	0	1	0	60	47	89	39	92	95	64	79
ASV124	3	0	2	1	0	2	0	1	1	0	0	0	1	0	2	2	3	1	0	0	0	0	0	0	0	0	0	0	0	1	5	1	2	4	1	3	3	3	2	3	1	1	1	0	0	0	0	0	0	0	0	0	1	0	2	2	1	0	3	1	11	14	33	17	24	17	16	17
ASV191	4	2	8	5	3	6	0	1	3	3	3	1	1	1	0	0	1	3	0	0	0	0	0	0	0	1	0	2	5	3	3	2	5	3	5	1	1	3	2	1	4	5	1	0	3	4	2	3	1	1	0	0	1	1	1	3	0	1	0	1	1	2	1	3	2	1	1	2
ASV99	2	0	1	1	2	0	0	9	0	0	0	4	0	0	1	0	1	1	0	2	0	0	0	0	0	0	0	0	3	8	3	6	17	25	26	2	4	10	2	0	1	1	2	0	0	1	2	2	5	1	5	8	2	0	1	3	1	1	5	6	1	1	2	2	5	2	5	0
ASV68	2	0	0	0	0	0	0	0	6	5	6	2	4	13	6	16	8	23	15	10	0	0	0	0	0	0	0	0	0	0	0	1	0	1	0	0	0	0	3	1	4	5	8	6	2	1	4	3	8	17	6	5	13	2	3	3	8	9	44	30	8	15	4	8	14	10	17	12
ASV136	2	1	1	4	2	3	0	0	0	0	0	0	0	0	0	0	0	0	0	0	1	1	5	2	1	1	0	1	0	0	0	0	0	0	0	0	0	0	0	1	0	0	0	0	0	0	0	0	0	1	0	0	0	0	0	0	0	2	1	5	9	4	5	6	4	10	14	8
ASV97	2	0	0	2	0	1	0	0	0	0	0	0	0	0	0	0	3	0	0	0	0	0	0	0	0	0	0	0	0	0	0	0	0	0	0	0	2	4	1	0	0	0	0	0	0	0	0	0	0	0	0	0	0	0	0	0	0	0	0	2	20	15	24	35	24	25	37	21
ASV210	6	2	4	7	3	4	0	1	1	1	4	6	0	0	5	2	1	0	1	0	2	1	0	0	0	1	1	0	5	5	6	3	6	7	4	2	1	2	0	3	3	2	0	2	3	3	0	5	0	1	0	1	1	2	2	1	1	0	1	3	0	3	3	0	2	2	3	2
ASV127	1	0	0	0	0	0	1	46	0	0	0	1	0	0	0	0	0	0	0	0	0	0	0	0	0	0	0	0	1	0	0	0	7	5	2	4	2	2	0	0	1	3	0	1	0	2	0	0	1	0	3	0	2	0	5	1	0	0	0	3	2	0	1	0	0	0	2	0
ASV154	1	1	0	0	0	0	0	1	0	1	0	0	0	0	0	0	0	0	0	0	0	0	0	0	0	0	0	0	8	14	14	9	0	0	0	0	0	0	0	0	0	0	0	0	0	0	0	0	0	0	0	0	0	0	0	0	0	0	0	0	0	0	0	0	0	0	0	0
ASV6	2	8	6	5	5	4	0	0	34	328	39	300	2341	2772	2574	2738	1793	1942	2504	2572	26	24	774	443	1817	1626	914	1299	1860	1760	1917	1634	20	13	22	44	43	45	35	28	2	5	0	13	0	1	1	0	67	46	32	44	178	145	225	219	3145	1113	3092	3108	3028	2557	3921	3029	3239	2979	2772	3298
ASV142	1	1	0	0	0	0	0	0	0	1	1	0	2	0	0	2	2	1	0	0	0	0	0	0	0	1	0	0	6	2	3	1	3	3	0	3	1	1	3	0	0	0	0	0	1	0	2	2	0	3	0	0	1	0	0	0	0	1	2	0	1	0	0	0	0	1	1	1
ASV204	2	4	3	0	2	0	1	0	5	4	2	3	0	0	1	0	0	0	1	0	0	2	0	1	1	0	1	1	1	3	5	2	6	6	1	4	0	2	0	0	0	2	0	2	4	4	1	2	5	1	0	0	2	1	0	1	0	0	0	1	2	1	3	0	0	3	0	3
ASV94	1	0	52	5	0	0	0	0	0	0	51	0	1	0	0	0	0	0	5	0	0	0	0	0	0	0	0	0	0	0	0	0	0	0	25	0	1	1	0	0	0	0	37	2	0	1	0	0	0	0	5	0	0	1	0	0	0	0	0	0	0	0	0	0	0	0	0	0
ASV201	1	0	0	0	0	0	0	4	0	0	0	0	0	1	0	0	1	1	1	0	1	4	1	1	0	3	0	2	4	1	2	0	0	0	0	1	0	4	1	1	0	2	1	1	1	0	1	1	0	0	0	2	0	0	0	3	1	1	2	0	0	6	2	2	3	3	0	3
ASV79	1	2	0	4	0	1	1	0	3	1	3	1	1	4	9	1	0	3	0	1	0	0	0	1	1	0	0	0	0	2	3	0	57	56	5	17	5	1	1	4	0	2	0	5	0	1	1	4	3	4	3	16	9	7	12	10	1	4	9	13	1	0	0	2	1	2	0	3
ASV53	3	1	6	7	3	1	4	30	7	7	6	22	4	2	2	1	0	3	1	0	0	2	1	0	4	3	4	2	33	32	28	12	500	269	220	249	10	7	0	0	0	1	24	37	0	2	0	0	0	0	0	0	0	1	0	3	0	0	0	0	2	4	12	4	4	11	6	2
ASV77	2	4	42	58	18	32	0	6	5	15	5	15	0	0	0	0	0	0	0	0	0	0	0	0	0	0	0	0	46	36	4	5	2	6	5	2	8	11	0	1	13	2	4	4	9	2	9	3	4	1	1	4	1	1	9	8	0	0	0	0	0	0	0	0	0	0	0	0
ASV26	2	0	0	0	0	0	0	0	0	1	0	0	1	0	0	1	0	0	0	0	0	0	0	0	1	0	0	0	1	5	0	1	7	7	7	0	45	50	0	3	5537	4923	4	0	0	1	0	1	0	0	1	0	0	0	2	0	0	0	0	0	0	0	0	0	0	0	0	0
ASV35	2	2	22	23	0	0	0	0	1	0	0	0	55	115	90	86	56	68	79	55	0	0	0	0	0	0	0	2	2	11	5	0	501	425	381	434	1652	1561	12	15	0	0	144	173	0	0	0	2	138	123	96	102	66	34	87	68	0	0	0	0	0	1	0	0	0	0	0	4
ASV76	2	7	3	4	2	2	1	4	21	14	15	10	11	11	10	3	5	5	8	3	0	0	3	3	0	0	0	0	3	2	1	0	0	0	4	4	0	0	4	5	0	0	0	0	1	1	2	1	7	9	9	6	6	10	6	10	1	0	5	3	5	7	15	6	17	22	6	12
ASV106	1	0	2	5	0	0	0	3	0	0	0	0	0	0	0	2	0	0	0	0	0	0	0	0	0	0	0	0	1	0	0	0	57	57	25	33	5	4	2	0	4	2	0	1	7	10	10	12	0	0	0	0	0	0	0	0	0	0	4	2	8	3	6	3	7	6	0	5
ASV62	2	4	51	31	5	14	0	2	2	0	0	0	2	0	0	3	0	0	2	1	0	0	0	0	0	0	0	0	3	10	4	3	132	135	169	150	4	6	0	1	2	0	0	2	0	0	1	0	0	0	0	2	0	0	1	3	1	0	0	0	1	0	0	0	1	0	5	0
ASV84	1	3	9	2	3	6	2	12	4	0	1	1	66	8	14	5	8	6	4	5	0	0	0	0	0	0	0	0	8	1	4	3	6	1	6	3	5	9	3	2	8	3	2	4	15	3	7	4	0	0	0	0	0	0	0	1	9	1	5	3	0	0	6	1	2	1	1	3
ASV61	2	5	6	5	2	3	0	2	8	5	7	5	30	10	3	4	10	3	10	5	1	1	2	5	2	3	2	0	4	9	7	3	9	6	3	5	19	16	3	8	11	6	28	29	22	22	37	13	1	1	2	3	1	2	3	1	4	5	12	11	34	22	21	27	53	29	23	26
ASV118	1	0	0	1	0	0	1	4	0	1	0	0	0	0	0	0	0	0	0	0	0	0	0	0	0	0	0	0	4	5	10	7	0	0	0	0	0	0	0	0	2	3	0	0	3	0	0	1	2	8	10	13	8	14	7	1	0	0	0	0	0	1	0	0	2	1	0	2
ASV209	1	0	0	0	0	0	0	1	1	1	0	0	1	0	0	2	2	0	0	2	3	7	3	2	2	3	2	6	1	1	0	1	1	1	3	1	2	3	2	2	0	1	0	0	1	0	1	1	0	1	0	0	1	1	0	0	1	0	1	2	3	2	1	0	0	2	1	2
ASV101	0	3	0	1	1	2	1	0	0	0	0	0	0	0	2	0	2	3	0	2	0	0	0	0	0	0	0	0	2	2	1	0	47	34	13	18	5	5	3	0	0	4	4	6	2	1	5	3	0	0	1	0	1	0	0	0	0	0	1	1	2	2	4	5	3	4	1	4
ASV117	0	1	1	0	1	1	0	8	4	2	3	4	1	0	1	2	0	0	0	0	0	0	1	0	0	0	1	0	6	5	3	3	40	21	15	15	5	3	0	0	0	0	4	3	0	0	0	0	0	0	0	1	0	1	0	0	0	0	0	0	2	0	2	2	1	1	1	5
ASV37	0	1	16	8	0	3	0	3	6	21	1	16	0	2	0	0	0	2	1	0	0	0	0	3	3	2	0	0	12	27	15	18	2	0	0	0	21	10	35	38	106	86	1606	1959	20	34	118	19	1	3	1	0	0	0	1	0	0	0	0	0	167	84	170	79	145	297	99	142
ASV183	0	2	1	3	6	0	1	2	3	2	2	0	3	0	3	0	1	1	1	0	0	0	0	0	1	0	0	0	2	0	0	0	2	5	2	4	3	7	0	0	0	4	0	0	3	1	4	2	0	0	1	1	1	0	0	0	1	1	0	1	0	0	1	1	0	0	1	1
ASV50	0	1	0	2	0	3	1	0	0	0	0	1	1	0	0	0	1	0	1	0	0	0	0	0	0	0	0	0	3	4	2	4	4	5	8	7	887	827	0	0	0	1	0	2	10	7	4	2	1	0	0	0	1	0	0	0	1	0	0	3	6	0	0	0	1	1	4	2
ASV75	0	1	1	2	2	5	0	0	1	10	7	13	0	0	0	0	0	0	0	0	0	0	0	0	0	0	0	0	14	17	1	4	1	1	0	0	5	13	4	0	8	1	2	1	3	0	1	2	21	5	30	38	20	15	54	35	0	0	0	0	0	0	0	0	0	0	0	0
ASV194	0	1	0	1	0	0	0	1	0	0	1	0	0	0	0	0	0	0	0	0	0	0	0	0	0	0	0	0	1	0	5	1	0	0	0	0	0	1	0	0	0	0	0	0	0	0	0	0	0	1	0	0	0	0	0	0	0	0	0	0	2	1	0	0	3	1	3	4
ASV113	0	1	0	0	0	0	0	0	0	0	0	0	0	0	0	0	0	0	2	0	0	0	0	0	0	0	0	0	0	5	0	0	0	1	0	1	78	60	0	0	0	0	0	1	0	0	0	0	0	0	0	0	0	0	0	0	0	0	0	1	0	0	0	0	0	0	0	0
ASV42	0	1	9	2	4	6	0	10	1	3	5	9	115	166	165	165	124	97	169	177	0	0	0	0	0	0	1	0	11	5	18	6	8	4	7	14	5	3	125	108	7	11	15	12	31	47	52	28	288	232	239	204	339	280	311	233	89	12	150	127	4	5	5	5	4	0	3	0
ASV151	0	1	0	0	0	0	0	0	1	0	4	1	0	2	0	1	0	0	0	0	0	0	0	0	0	0	0	0	0	0	0	0	0	1	0	0	0	0	0	0	0	0	4	4	1	0	0	1	1	0	1	2	0	0	2	0	0	0	0	0	3	3	1	1	1	2	4	3
ASV85	0	1	114	115	1	0	0	0	0	0	0	0	0	0	0	0	0	0	0	0	0	0	0	0	0	0	0	0	0	0	0	0	0	0	1	0	0	0	0	0	0	0	0	0	0	0	0	0	0	0	0	0	0	0	0	0	0	0	0	0	0	0	0	0	0	0	0	0
ASV104	0	1	0	0	2	5	0	0	39	51	31	39	0	0	0	0	0	0	0	0	0	0	0	0	0	0	0	0	0	0	0	0	0	0	0	0	0	0	0	0	0	0	0	0	0	0	0	0	0	0	0	0	0	0	0	0	0	0	0	0	0	0	0	0	0	0	0	0
ASV165	0	1	8	7	2	7	0	0	0	0	0	2	0	0	0	0	0	0	0	0	0	0	0	0	0	0	0	0	1	0	0	2	0	0	0	0	0	0	0	0	0	0	0	0	0	0	0	0	0	0	0	0	0	0	0	0	0	0	0	0	0	0	0	0	0	0	0	0
ASV192	0	4	0	0	1	0	0	6	1	2	4	1	2	2	0	0	0	0	3	0	0	0	0	0	1	0	0	0	2	0	2	0	0	0	1	0	0	2	2	1	0	0	3	1	0	1	0	0	0	0	0	0	0	0	1	0	0	0	0	0	0	0	1	0	1	0	1	2
ASV111	0	3	3	2	0	4	3	9	0	0	0	0	0	0	0	2	1	2	2	3	0	0	0	0	0	0	0	0	0	0	0	0	0	0	0	0	0	0	0	0	0	0	0	0	0	2	0	0	0	0	0	0	0	0	0	0	0	0	0	0	13	17	11	9	22	19	10	19
ASV156	0	1	7	2	1	0	0	0	0	0	6	2	1	1	0	0	0	1	6	1	0	0	0	0	0	0	0	0	0	0	0	0	0	0	2	0	0	0	0	0	0	0	9	1	0	0	0	0	0	0	0	0	2	0	0	0	0	0	0	0	0	0	0	0	0	0	0	0
ASV47	0	0	456	285	261	267	0	0	0	0	0	0	0	0	0	0	0	0	0	0	1	0	0	0	0	0	0	0	0	0	0	1	205	266	162	134	0	0	0	0	0	0	0	0	0	0	0	0	0	0	0	0	0	0	0	0	0	0	0	0	0	0	0	0	0	0	0	0
ASV18	0	0	19	18	14	26	1	8	0	59	1	41	0	1	0	0	1	0	0	0	0	0	0	0	0	0	0	2	3	1	0	0	599	552	439	448	2	8	0	0	0	0	0	0	0	0	1	10	5940	4897	3898	3138	2871	2470	1011	840	0	0	0	2	0	0	0	0	0	0	0	0
ASV161	0	0	12	0	0	1	0	0	0	0	17	1	0	0	0	0	0	0	9	1	0	0	0	0	0	0	0	0	0	0	0	0	0	0	7	0	1	0	0	0	0	0	0	0	1	1	0	0	0	0	7	0	0	0	1	1	0	0	0	0	0	0	0	0	0	0	0	0
ASV152	0	0	2	0	0	0	2	14	0	0	1	0	0	1	1	0	0	0	0	2	3	0	4	4	9	4	0	6	0	0	0	0	2	0	0	0	0	0	1	3	0	0	0	1	1	0	1	0	0	0	0	0	1	0	0	0	0	0	0	0	0	0	0	4	0	3	2	4
ASV125	0	0	38	43	7	11	0	0	0	0	0	0	0	0	0	0	0	0	0	0	0	0	0	0	0	0	0	0	0	0	0	0	0	0	0	0	0	0	0	0	0	0	0	0	0	0	0	0	0	0	0	0	0	0	0	0	0	0	0	0	0	0	0	0	0	0	0	0
ASV145	0	0	26	2	1	1	0	0	0	0	10	2	0	0	0	1	0	0	0	0	0	0	0	0	0	0	0	0	2	4	0	0	0	0	19	1	0	0	0	0	0	0	0	0	1	0	0	0	0	0	0	0	0	1	0	0	0	0	0	0	0	0	0	0	0	0	2	0
ASV140	0	0	14	5	5	12	1	3	0	0	0	0	1	0	0	0	3	2	0	2	0	0	0	0	0	0	0	0	0	1	2	1	0	0	0	0	5	3	2	0	0	0	0	0	0	0	0	0	0	0	0	1	2	0	0	0	4	1	0	1	0	0	0	0	1	0	0	0
ASV8	0	0	1	1	0	0	10	89	39	17	50	20	22	22	22	19	22	19	37	27	3217	2657	244	148	5904	5026	4376	4929	61	37	53	44	1	2	0	11	2	6	57	41	0	2	1788	1864	9	5	5	7	462	508	537	565	595	569	726	562	1019	417	1542	1551	2671	2111	3046	2289	2633	2375	2685	2312
ASV160	0	0	3	1	0	2	0	3	0	1	0	0	5	1	4	1	1	1	3	0	0	0	0	0	0	0	0	0	2	2	3	2	1	2	0	1	5	3	0	0	0	0	0	1	0	1	0	1	1	0	0	0	0	0	0	0	0	1	0	1	2	1	3	2	1	1	6	1
ASV169	0	0	1	0	0	1	0	0	1	0	0	1	0	0	0	0	0	0	0	0	0	0	0	0	0	0	0	0	6	2	1	1	0	2	0	2	4	4	0	0	0	0	0	0	0	1	0	0	1	0	0	2	0	0	0	5	0	1	0	0	0	0	3	1	0	0	0	0
ASV198	0	0	4	0	0	0	0	0	0	0	1	0	0	0	0	0	0	0	0	0	0	0	0	0	0	0	0	0	0	0	0	0	0	0	15	1	0	0	0	0	0	0	2	1	1	0	0	1	0	0	0	0	0	0	0	0	0	0	0	0	0	0	0	0	0	0	0	0
ASV114	0	0	5	6	3	0	0	1	4	0	1	1	2	1	2	2	2	0	2	0	80	109	0	0	0	0	0	0	5	3	0	3	5	4	2	0	1	0	1	1	0	1	2	1	1	2	1	1	2	0	2	0	0	0	0	0	1	1	3	0	33	35	53	57	55	74	55	59
ASV82	0	0	3	0	0	0	0	0	0	0	6	0	3	2	0	1	0	0	75	5	0	0	0	0	0	0	0	0	6	1	0	0	0	0	3	0	4	4	1	1	0	0	5	0	0	0	0	0	0	0	65	8	5	4	3	1	0	1	42	2	3	3	0	1	0	0	66	5
ASV195	0	0	1	3	1	2	15	117	25	28	24	21	84	90	86	111	79	98	99	126	382	361	367	268	319	307	390	393	7	8	6	5	37	28	22	38	253	238	240	184	0	1	144	157	2	2	0	0	41	57	52	59	69	66	73	38	110	49	142	142	197	139	198	136	149	148	156	135
ASV98	0	0	0	1	0	0	24	171	0	0	0	0	0	0	0	1	0	0	0	0	0	0	0	0	0	0	0	0	0	0	0	0	0	0	0	0	0	0	3	0	0	0	1	0	0	0	0	0	0	0	0	0	0	0	0	0	0	0	0	0	0	0	0	0	0	0	0	0
ASV72	0	0	0	1	0	0	0	1	25	5	17	3	3	2	0	1	0	2	0	2	0	3	0	0	0	0	0	0	65	56	64	53	10	6	5	4	0	0	27	16	21	30	3	4	1	0	0	3	3	0	5	0	14	13	12	4	0	0	1	1	15	11	20	11	16	7	8	9
ASV41	0	0	0	14	0	3	502	4135	0	0	0	0	0	0	0	0	0	0	2	0	0	0	0	0	0	0	0	0	1	2	0	0	0	1	0	2	1	0	1	0	0	0	0	0	0	0	0	0	0	0	0	0	0	0	0	0	0	0	0	0	0	0	0	0	0	0	0	0
ASV74	0	0	0	1	2	0	0	0	22	12	21	9	3	1	2	1	3	1	1	3	0	0	0	0	0	0	0	0	53	68	79	56	7	8	5	6	0	0	34	23	11	24	2	7	1	0	0	3	1	2	1	2	20	12	6	11	0	0	0	0	14	16	24	20	17	12	10	15
ASV9	0	0	0	3	1	4	8	59	4	8	4	4	12	5	6	7	2	8	11	31	8441	6407	11743	8409	4400	3614	6480	5564	5	3	1	2	6	11	11	15	438	349	125	98	0	2	9	9	1	0	1	0	33	32	44	38	51	61	29	30	98	30	65	90	91	66	104	57	76	64	99	88
ASV73	0	0	0	2	0	0	22	288	0	0	0	0	10	16	13	11	25	8	9	4	0	0	0	0	0	0	0	0	0	1	0	0	0	0	0	0	0	0	0	0	0	0	0	0	0	0	0	0	0	0	0	0	0	0	0	0	0	0	0	0	3	1	1	0	0	4	0	4
ASV67	0	0	0	1	0	0	0	1	0	0	1	0	0	0	0	0	0	0	0	0	0	0	0	0	0	0	1	4	1	4	4	3	53	69	75	77	15	11	0	0	0	0	1	1	0	0	0	0	0	0	1	0	0	0	0	0	1	0	2	4	22	10	14	17	90	96	16	18
ASV188	0	0	0	0	1	0	0	0	0	0	0	0	0	0	0	1	0	1	5	1	0	0	0	0	0	0	0	0	0	0	0	0	1	6	1	0	0	0	1	2	0	0	0	0	0	0	0	0	0	0	2	1	0	0	0	1	0	0	0	0	0	0	0	0	0	0	0	0
ASV155	0	0	0	0	1	0	0	5	1	0	0	2	0	0	0	1	1	0	0	0	0	0	0	0	0	0	0	1	0	2	0	0	4	0	5	2	0	0	4	0	1	0	0	0	0	0	0	0	0	1	0	0	0	2	0	0	0	0	0	0	3	1	0	0	2	4	3	4
ASV211	0	0	0	0	1	0	0	3	0	1	0	0	2	1	2	2	2	2	1	0	2	3	2	4	3	3	3	4	0	0	0	0	0	0	0	0	4	5	9	7	0	0	5	1	0	0	0	0	2	0	0	2	4	0	1	0	5	3	1	5	3	4	4	3	4	3	4	5
ASV143	0	0	0	0	3	2	0	0	0	1	0	0	0	0	0	0	0	0	0	0	0	0	0	0	0	0	0	0	7	0	0	0	16	21	10	9	0	0	0	0	0	0	0	0	0	0	0	0	0	0	0	0	0	0	0	0	0	0	0	0	0	0	0	0	0	0	0	0
ASV175	0	0	0	0	0	0	2	16	0	0	0	0	0	0	0	0	0	0	0	0	0	0	0	0	0	0	0	0	0	0	0	0	0	0	0	0	0	0	0	0	0	0	0	0	0	0	0	0	0	0	0	0	0	0	0	0	0	1	0	0	5	1	3	1	0	0	1	5
ASV129	0	0	0	0	0	0	9	59	0	0	0	0	0	1	9	6	3	6	3	9	0	0	0	0	0	0	0	0	0	0	0	0	0	0	0	0	0	0	0	0	0	0	0	0	0	0	0	0	0	0	0	0	0	0	0	0	0	0	0	0	0	0	0	0	3	0	0	1
ASV179	0	0	0	0	0	0	7	46	0	0	0	0	1	2	0	0	1	1	2	5	0	0	0	0	0	0	0	0	0	0	0	0	0	0	0	0	0	0	1	0	0	0	0	0	0	0	0	0	0	0	0	0	0	0	0	0	0	0	0	1	0	0	0	0	0	0	0	0
ASV126	0	0	0	0	0	0	2	30	0	0	0	0	7	7	3	5	2	6	5	2	0	0	0	0	0	0	0	0	0	0	0	0	0	0	0	0	0	0	0	0	0	0	0	0	0	0	0	0	0	0	0	0	0	0	0	0	0	0	0	0	3	0	3	1	0	2	5	4
ASV190	0	0	0	0	0	0	2	2	0	0	1	0	2	0	0	0	0	1	1	2	0	0	0	0	0	0	0	0	2	1	4	3	0	1	0	0	0	0	0	0	0	0	0	0	0	0	0	1	1	0	0	0	0	0	0	1	1	0	1	0	1	0	0	2	0	0	0	0
ASV168	0	0	0	0	0	0	0	4	0	1	0	0	1	1	1	1	1	1	0	0	0	1	0	0	0	2	0	0	0	1	0	1	5	9	3	5	3	4	0	0	3	5	1	0	1	1	2	1	0	1	0	0	0	0	0	0	0	0	0	2	0	1	1	1	2	2	1	1
ASV199	0	0	0	0	0	0	0	35	0	0	0	0	1	5	0	1	1	1	6	1	0	0	0	0	0	0	0	0	1	0	0	3	0	0	0	0	0	0	0	0	0	0	0	0	0	0	0	0	0	0	0	1	0	2	3	4	11	8	14	10	0	0	0	0	0	1	0	0
ASV150	0	0	0	0	0	0	0	1	0	0	0	0	0	0	0	0	0	0	0	0	5	5	2	6	13	10	10	13	0	0	0	0	0	1	0	0	5	3	0	0	0	0	0	0	0	0	0	0	0	0	0	0	0	0	0	0	0	0	0	0	0	0	0	0	0	0	0	0
ASV83	0	0	0	0	0	0	0	7	1	0	0	0	0	0	0	0	0	0	0	0	0	0	0	0	0	0	0	0	36	51	138	62	0	0	0	0	0	0	0	0	0	0	0	0	0	0	0	0	0	0	0	0	0	0	0	0	0	0	0	0	0	0	0	0	0	0	0	0
ASV33	0	0	0	0	0	0	0	5	0	0	0	0	0	0	0	0	0	0	0	0	0	0	0	0	1	0	0	0	0	0	0	3	1510	1425	1452	1740	1	12	0	0	0	0	0	1	0	0	0	0	0	0	0	0	0	0	0	0	0	0	0	0	0	0	0	0	0	0	0	0
ASV121	0	0	0	0	0	0	0	7	0	0	0	0	0	0	2	1	0	2	0	1	0	0	0	0	0	0	0	0	6	8	6	6	15	21	22	5	4	0	0	0	0	1	0	0	0	0	0	0	0	0	0	0	0	0	0	0	0	0	0	0	0	1	3	0	0	1	6	1
ASV144	0	0	0	0	0	0	0	1	0	0	0	0	0	0	0	0	0	0	0	0	6	2	6	4	4	13	15	10	0	0	0	0	0	0	0	0	0	0	0	0	0	0	0	0	0	0	0	0	0	0	0	0	0	0	0	0	0	0	0	1	0	0	0	0	0	0	1	0
ASV63	0	0	0	0	0	0	0	1	0	0	0	0	0	0	0	0	0	0	0	0	38	35	47	26	81	77	63	62	0	0	0	1	0	11	0	0	67	65	11	9	0	0	0	0	0	0	0	0	0	0	0	0	0	0	0	0	0	0	1	1	0	1	0	0	0	0	0	0
ASV87	0	0	0	0	0	0	0	2	0	0	0	0	0	0	1	0	0	0	0	0	28	30	18	14	8	22	21	19	3	0	0	0	0	0	0	1	0	0	0	0	0	0	1	0	0	0	0	0	2	1	2	2	2	0	0	0	8	4	19	10	2	0	0	1	0	0	1	3
ASV28	0	0	0	0	0	0	0	1	1	0	1	0	0	2	0	1	1	0	1	4	1093	850	974	612	1104	861	1934	2096	2	4	6	5	0	1	0	9	0	1	0	0	0	1	3	0	1	1	0	0	0	1	0	0	2	3	3	2	1	0	0	1	0	1	0	1	0	1	1	1
ASV189	0	0	0	0	0	0	0	1	0	0	0	0	0	0	0	0	0	0	0	0	3	2	5	0	2	11	4	2	0	0	0	0	0	0	0	0	0	0	0	0	0	0	0	0	0	0	0	0	0	0	0	0	0	0	0	0	0	0	1	0	0	0	0	0	0	0	0	0
ASV157	0	0	0	0	0	0	0	0	1	0	1	0	1	2	2	3	3	0	5	0	0	0	0	0	0	0	0	0	0	0	0	0	0	1	0	0	0	0	4	2	0	0	0	0	0	0	1	0	0	1	0	0	0	0	0	0	0	0	0	0	0	0	0	0	2	6	2	6
ASV137	0	0	0	0	0	0	0	0	2	6	3	0	0	0	0	0	0	0	0	0	0	0	0	0	0	0	0	0	0	0	0	0	0	0	0	0	0	0	0	0	0	1	0	0	0	0	0	0	3	1	0	2	3	1	2	0	4	0	23	7	0	0	0	0	0	0	0	0
ASV43	0	0	0	0	0	0	0	0	1	1	0	0	91	124	88	130	104	106	107	87	8	4	1	3	27	24	22	24	0	1	1	0	14	19	10	13	49	39	11	6	29	31	266	336	65	85	81	69	4	3	2	0	5	1	5	1	3	0	2	10	28	20	28	26	13	25	37	49
ASV71	0	0	0	0	0	0	0	0	5	1	0	3	42	51	68	52	37	45	34	56	0	0	0	0	0	0	0	0	1	3	3	6	4	4	1	3	1	1	3	0	2	3	0	0	5	3	2	2	1	0	0	0	2	1	1	5	0	0	1	0	3	0	3	2	0	0	0	0
ASV162	0	0	0	0	0	0	0	0	1	2	1	0	2	0	1	4	0	4	1	0	0	0	0	0	0	0	0	0	0	0	0	0	0	0	0	0	0	0	0	1	1	0	0	2	0	0	0	0	0	2	0	1	0	0	0	0	0	2	10	7	0	3	2	1	0	1	2	0
ASV100	0	0	0	0	0	0	0	0	1	0	0	0	0	0	0	1	0	0	0	0	0	0	0	0	0	0	0	0	0	0	0	0	0	0	0	0	0	0	0	0	40	29	0	0	39	20	40	25	0	0	0	0	0	0	0	0	0	0	0	0	0	0	0	0	0	0	0	0
ASV163	0	0	0	0	0	0	0	0	0	2	0	2	0	0	0	0	0	2	0	0	0	0	0	0	0	0	0	0	0	0	0	0	0	0	0	0	0	1	0	0	0	0	0	0	0	0	0	0	3	2	2	2	0	1	0	2	0	1	0	2	2	0	4	0	0	4	3	4
ASV159	0	0	0	0	0	0	0	0	0	0	2	0	2	0	0	0	0	0	8	2	0	0	0	0	0	0	1	0	0	0	0	0	0	0	2	1	0	0	0	1	0	0	1	0	0	0	0	0	0	0	3	0	0	0	0	0	0	0	9	0	0	0	0	0	0	0	8	1
ASV105	0	0	0	0	0	0	0	0	0	0	1	0	0	1	2	1	3	2	0	2	0	0	0	0	0	0	0	0	2	1	7	2	1	1	0	0	1	0	33	16	0	0	1	3	0	1	3	3	3	1	7	8	16	8	3	7	9	2	9	7	3	0	4	1	5	11	8	3
ASV49	0	0	0	0	0	0	0	0	0	0	0	1	1	0	0	0	1	4	0	2	909	667	0	0	0	0	0	0	0	1	0	0	1	2	4	2	0	2	0	0	0	0	0	0	0	0	0	0	0	0	0	0	0	1	0	0	0	0	1	2	1	1	1	0	0	7	0	1
ASV207	0	0	0	0	0	0	0	0	0	0	0	1	0	1	0	0	0	0	0	0	0	0	0	0	0	0	0	0	0	1	0	1	0	1	0	0	0	0	1	0	1	0	0	0	0	0	1	0	1	0	0	0	0	0	1	1	4	0	0	0	0	0	0	0	0	5	1	3
ASV46	0	0	0	0	0	0	0	0	0	0	0	0	28	31	49	40	36	37	46	23	0	0	0	0	0	0	0	0	0	0	0	0	0	0	0	0	0	0	0	0	0	0	0	0	0	0	0	0	90	87	53	78	104	100	104	132	234	104	270	260	44	27	30	25	13	23	9	16
ASV70	0	0	0	0	0	0	0	0	0	0	0	0	33	30	26	30	23	18	19	32	0	0	0	0	0	0	0	1	0	0	1	0	0	0	0	0	0	0	139	84	0	0	7	9	0	0	0	0	0	0	0	0	0	0	0	0	0	0	0	0	0	0	1	1	1	0	0	0
ASV177	0	0	0	0	0	0	0	0	0	0	0	0	2	0	2	1	2	0	0	2	0	0	0	0	0	0	0	0	0	0	3	0	0	0	0	0	0	0	0	0	0	0	0	2	0	1	0	0	0	0	0	0	1	0	0	0	1	0	4	2	0	0	0	1	0	0	0	0
ASV212	0	0	0	0	0	0	0	0	0	0	0	0	2	0	0	0	0	0	5	0	0	0	0	0	0	0	0	0	1	0	0	0	0	0	0	0	0	1	0	0	0	0	7	1	0	0	0	1	0	0	0	0	0	0	0	0	1	0	13	0	0	1	0	0	0	0	19	3
ASV146	0	0	0	0	0	0	0	0	0	0	0	0	4	9	8	3	8	6	4	1	0	0	0	0	0	0	0	0	0	0	0	0	0	0	0	0	0	0	3	0	0	0	3	2	0	0	0	0	1	0	3	1	0	1	1	1	1	0	0	0	2	0	0	0	0	3	1	1
ASV158	0	0	0	0	0	0	0	0	0	0	0	0	0	1	0	1	0	0	0	0	0	0	0	0	0	0	0	0	0	0	0	0	0	0	0	0	0	0	0	0	0	0	0	0	0	0	0	0	3	7	0	5	2	0	5	2	0	0	0	0	0	0	3	0	1	3	0	1
ASV164	0	0	0	0	0	0	0	0	0	0	0	0	0	0	0	1	0	0	14	0	0	0	0	0	0	0	4	2	0	0	0	1	0	0	0	0	0	0	0	0	0	0	0	0	0	0	0	0	0	0	0	0	0	0	0	0	0	0	17	0	0	0	0	0	0	0	2	0
ASV141	0	0	0	0	0	0	0	0	0	0	0	0	0	0	0	0	0	3	0	0	0	0	0	0	0	0	0	0	4	0	0	0	5	5	7	9	2	0	0	0	0	0	0	1	0	1	0	0	0	1	0	0	0	0	0	0	0	0	0	0	1	1	1	0	0	0	0	1
ASV60	0	0	0	0	0	0	0	0	0	0	0	0	0	0	0	0	0	1	1	1	386	309	0	0	0	0	0	0	0	0	0	0	0	0	0	0	0	0	0	0	0	0	0	0	0	0	0	0	0	0	0	0	0	0	0	0	0	0	0	0	0	0	0	0	0	0	0	0
ASV202	0	0	0	0	0	0	0	0	0	0	0	0	0	0	0	0	0	0	4	0	0	0	0	0	0	0	19	1	0	0	0	0	0	0	0	0	0	0	0	0	0	0	3	0	0	0	0	0	0	0	0	0	0	0	0	0	0	0	0	0	0	0	0	0	0	0	4	0
ASV89	0	0	0	0	0	0	0	0	0	0	0	0	0	0	0	0	0	0	1	0	74	50	20	23	18	39	0	0	0	0	0	0	1	0	0	0	0	0	0	0	0	0	7	1	0	0	0	0	0	0	0	0	0	0	0	0	0	0	0	0	0	0	0	0	0	0	0	0
ASV30	0	0	0	0	0	0	0	0	0	0	0	0	0	0	0	0	0	0	0	3	1525	1302	1913	1287	186	158	105	159	1	0	0	1	0	0	1	0	0	1	0	0	0	0	0	0	0	0	0	0	0	0	0	0	0	0	0	0	0	0	0	0	0	0	0	0	0	1	0	0
ASV133	0	0	0	0	0	0	0	0	0	0	0	0	0	0	0	0	0	0	0	1	16	26	8	3	4	12	0	0	0	0	0	0	0	0	0	0	0	0	0	0	0	0	1	1	0	0	0	0	0	0	0	0	0	0	0	0	0	0	0	0	0	0	0	0	0	0	0	0
ASV34	0	0	0	0	0	0	0	0	0	0	0	0	0	0	0	0	0	0	0	1	0	0	0	0	0	0	0	0	16	15	9	2	0	0	0	0	0	0	0	0	0	2	0	0	0	0	0	0	16	11	14	11	18	8	21	19	0	0	0	0	758	463	782	711	655	698	873	831
ASV81	0	0	0	0	0	0	0	0	0	0	0	0	0	0	0	0	0	0	0	0	75	72	36	31	32	45	0	0	0	0	0	0	0	0	0	0	0	0	0	0	0	0	1	2	0	0	0	0	0	0	0	0	0	0	0	0	1	0	0	0	0	0	0	0	0	0	0	0
ASV86	0	0	0	0	0	0	0	0	0	0	0	0	0	0	0	0	0	0	0	0	61	53	19	26	25	40	0	0	0	0	0	0	0	0	0	0	0	0	0	0	0	0	2	0	0	0	0	0	0	0	0	0	0	0	0	0	1	0	0	0	0	0	0	0	0	0	0	0
ASV203	0	0	0	0	0	0	0	0	0	0	0	0	0	0	0	0	0	0	0	0	21	11	3	9	6	7	2	1	0	0	0	0	0	0	0	0	0	0	0	0	0	0	0	1	0	0	0	0	0	0	0	0	0	0	0	0	0	0	0	0	0	0	0	0	0	0	0	0
ASV115	0	0	0	0	0	0	0	0	0	0	0	0	0	0	0	0	0	0	0	0	36	34	8	13	7	15	0	0	0	0	0	0	0	0	0	0	0	0	0	0	0	0	1	1	0	0	0	0	0	0	0	0	0	0	0	0	1	0	0	0	0	0	0	0	0	0	0	0
ASV174	0	0	0	0	0	0	0	0	0	0	0	0	0	0	0	0	0	0	0	0	9	7	5	9	4	3	9	5	0	0	0	0	0	0	0	0	0	0	0	0	1	0	2	4	1	0	0	1	0	0	0	0	0	0	0	0	0	1	2	1	0	0	0	0	0	0	0	0
ASV193	0	0	0	0	0	0	0	0	0	0	0	0	0	0	0	0	0	0	0	0	10	10	1	2	4	6	2	1	0	0	0	0	0	0	0	0	0	0	0	0	0	0	0	0	0	0	0	0	0	0	0	0	0	0	0	0	0	0	0	0	0	0	0	0	0	0	0	0
ASV173	0	0	0	0	0	0	0	0	0	0	0	0	0	0	0	0	0	0	0	0	10	6	10	5	3	4	5	7	0	0	0	0	0	0	0	0	0	0	0	0	1	0	1	0	0	0	0	0	0	0	0	0	0	0	0	0	0	1	2	1	0	0	0	0	0	1	0	0
ASV88	0	0	0	0	0	0	0	0	0	0	0	0	0	0	0	0	0	0	0	0	60	48	19	23	23	33	0	0	0	0	0	0	0	0	0	0	0	0	0	0	0	0	2	1	0	0	0	0	0	0	0	0	0	0	0	0	0	0	0	0	0	0	0	0	0	0	0	0
ASV103	0	0	0	0	0	0	0	0	0	0	0	0	0	0	0	0	0	0	0	0	50	42	19	17	13	28	0	0	0	0	0	0	0	0	0	0	0	0	0	0	0	0	2	3	0	0	0	0	0	0	0	0	0	0	0	0	0	1	0	0	0	0	0	0	0	0	0	0
ASV122	0	0	0	0	0	0	0	0	0	0	0	0	0	0	0	0	0	0	0	0	20	20	5	9	1	3	14	12	0	0	0	0	0	0	0	0	0	0	0	0	0	0	0	0	0	0	0	0	0	0	0	0	0	0	0	0	0	0	0	0	0	0	0	0	0	0	0	0
ASV91	0	0	0	0	0	0	0	0	0	0	0	0	0	0	0	0	0	0	0	0	45	47	22	21	12	43	0	0	0	0	0	0	0	0	0	0	0	0	0	0	0	0	2	1	0	0	0	0	0	0	0	0	0	0	0	0	0	0	0	0	0	0	0	0	0	0	0	0
ASV187	0	0	0	0	0	0	0	0	0	0	0	0	0	0	0	0	0	0	0	0	2	3	3	2	1	3	7	4	0	0	0	0	0	0	0	0	1	0	0	0	0	0	0	0	0	0	0	0	0	0	0	0	0	0	0	0	0	0	2	0	0	0	0	0	0	0	0	0
ASV171	0	0	0	0	0	0	0	0	0	0	0	0	0	0	0	0	0	0	0	0	20	21	7	6	4	11	3	3	0	0	0	0	0	0	0	0	0	0	0	0	0	0	0	1	0	0	0	0	0	0	0	0	0	0	0	0	0	0	0	0	0	0	0	0	0	0	0	0
ASV139	0	0	0	0	0	0	0	0	0	0	0	0	0	0	0	0	0	0	0	0	43	38	0	0	0	0	0	0	0	0	0	0	0	0	0	0	0	0	0	0	0	0	0	0	0	0	0	0	0	0	0	0	0	0	0	0	0	0	0	0	0	0	0	0	1	0	0	0
ASV95	0	0	0	0	0	0	0	0	0	0	0	0	0	0	0	0	0	0	0	0	23	25	16	14	22	55	38	37	0	0	0	0	0	0	0	0	0	0	0	0	0	0	0	0	0	0	0	0	0	0	0	0	0	0	0	0	0	0	0	0	0	0	0	0	0	0	0	0
ASV206	0	0	0	0	0	0	0	0	0	0	0	0	0	0	0	0	0	0	0	0	8	5	0	1	0	3	2	1	0	0	0	0	0	0	0	0	0	0	0	0	0	0	0	0	0	0	0	0	0	0	0	0	0	0	0	0	0	0	1	0	0	0	0	0	0	0	0	0
ASV196	0	0	0	0	0	0	0	0	0	0	0	0	0	0	0	0	0	0	0	0	6	2	0	2	0	0	3	6	0	0	0	0	0	0	0	0	0	0	0	0	0	0	1	1	0	0	0	0	0	0	0	0	0	0	0	0	0	1	0	0	0	0	0	0	0	0	0	0
ASV138	0	0	0	0	0	0	0	0	0	0	0	0	0	0	0	0	0	0	0	0	10	15	8	9	8	9	0	0	0	0	0	0	0	0	0	0	0	0	0	0	0	0	1	0	0	0	0	0	0	0	0	0	0	0	0	0	0	0	0	0	0	0	0	0	0	0	0	0
ASV132	0	0	0	0	0	0	0	0	0	0	0	0	0	0	0	0	0	0	0	0	18	15	6	12	10	10	0	0	0	0	0	0	0	0	0	0	0	0	0	0	0	0	1	0	0	0	0	0	0	0	0	0	0	0	0	0	0	0	0	0	0	0	0	0	0	0	0	0
ASV128	0	0	0	0	0	0	0	0	0	0	0	0	0	0	0	0	0	0	0	0	23	17	10	4	9	13	0	0	0	0	0	0	0	0	0	0	0	0	0	0	0	0	0	0	0	0	0	0	0	0	0	0	0	0	0	0	0	0	0	0	0	0	0	0	0	0	0	0
ASV116	0	0	0	0	0	0	0	0	0	0	0	0	0	0	0	0	0	0	0	0	2	1	0	1	0	0	79	3	0	0	0	0	0	0	0	0	0	0	0	0	0	0	0	0	0	0	0	0	0	0	0	0	0	0	0	0	0	0	8	2	0	0	0	0	0	0	0	0
ASV134	0	0	0	0	0	0	0	0	0	0	0	0	0	0	0	0	0	0	0	0	23	19	5	3	9	10	0	0	0	0	0	0	0	0	0	0	0	0	0	0	0	0	0	1	0	0	0	0	0	0	0	0	0	0	0	0	0	0	0	0	0	0	0	0	0	0	0	0
ASV167	0	0	0	0	0	0	0	0	0	0	0	0	0	0	0	0	0	0	0	0	8	11	0	0	2	6	9	5	0	0	0	0	0	0	0	0	1	2	0	0	0	0	0	0	1	0	0	0	0	0	0	0	0	0	0	0	0	0	0	0	0	0	0	0	0	0	1	1
ASV200	0	0	0	0	0	0	0	0	0	0	0	0	0	0	0	0	0	0	0	0	6	3	4	4	2	6	6	9	0	0	0	0	0	0	0	0	0	0	0	0	0	0	0	0	0	0	0	0	0	0	0	0	0	0	0	0	0	0	0	0	0	0	0	0	0	0	0	0
ASV178	0	0	0	0	0	0	0	0	0	0	0	0	0	0	0	0	0	0	0	0	4	2	17	13	3	0	4	7	0	0	0	0	0	0	0	0	0	0	0	0	0	0	0	0	0	0	0	0	0	0	0	0	0	0	0	0	0	0	0	0	0	0	0	0	0	0	0	0
ASV186	0	0	0	0	0	0	0	0	0	0	0	0	0	0	0	0	0	0	0	0	4	10	8	7	5	2	16	7	0	0	0	0	0	0	0	0	0	0	1	0	0	0	3	0	1	0	0	0	0	0	0	0	0	0	0	0	1	0	2	1	0	0	0	0	0	0	0	0
ASV135	0	0	0	0	0	0	0	0	0	0	0	0	0	0	0	0	0	0	0	0	1	1	0	0	0	0	22	2	0	0	0	0	0	0	0	0	0	0	0	0	0	0	15	1	0	0	0	0	0	0	3	0	0	0	0	0	0	0	10	0	1	0	0	0	0	0	16	1
ASV214	0	0	0	0	0	0	0	0	0	0	0	0	0	0	0	0	0	0	0	0	0	2	2	1	1	0	8	3	0	0	0	0	0	0	0	0	0	0	0	0	0	0	1	0	0	0	0	0	0	0	0	0	0	0	0	0	0	0	1	0	0	3	1	0	0	0	0	0
ASV208	0	0	0	0	0	0	0	0	0	0	0	0	0	0	0	0	0	0	0	0	0	1	3	3	1	1	2	0	0	0	0	0	0	0	0	0	0	0	0	0	0	0	0	0	0	0	0	0	0	0	0	1	0	0	0	0	0	0	0	0	2	0	0	0	0	0	1	0
ASV120	0	0	0	0	0	0	0	0	0	0	0	0	0	0	0	0	0	0	0	0	0	0	0	0	0	0	63	47	0	0	0	0	0	0	0	0	0	0	0	0	0	0	0	0	0	0	0	0	0	0	0	0	0	0	0	0	0	0	2	0	0	0	2	1	0	0	0	2
ASV110	0	0	0	0	0	0	0	0	0	0	0	0	0	0	0	0	0	0	0	0	0	0	0	0	0	0	46	48	0	0	0	0	0	0	0	0	0	0	0	0	0	0	0	0	0	0	0	0	0	0	0	0	0	0	0	0	0	0	1	0	1	0	1	0	0	0	1	1
ASV112	0	0	0	0	0	0	0	0	0	0	0	0	0	0	0	0	0	0	0	0	0	0	0	0	0	0	56	50	0	0	0	0	0	0	0	0	0	0	0	0	0	0	0	0	0	0	0	0	0	0	0	0	0	0	0	0	0	0	0	0	0	0	0	1	0	0	0	0
ASV147	0	0	0	0	0	0	0	0	0	0	0	0	0	0	0	0	0	0	0	0	0	0	0	0	0	0	20	16	0	0	0	0	0	0	0	0	0	0	0	0	0	0	0	0	0	0	0	0	0	0	0	0	0	0	0	0	0	0	1	0	0	0	1	0	0	0	0	0
ASV123	0	0	0	0	0	0	0	0	0	0	0	0	0	0	0	0	0	0	0	0	0	0	0	0	0	0	41	62	0	0	0	0	0	0	0	0	0	0	0	0	0	0	0	0	0	0	0	0	0	0	0	0	0	0	0	0	0	0	1	0	0	0	0	0	0	0	0	0
ASV130	0	0	0	0	0	0	0	0	0	0	0	0	0	0	0	0	0	0	0	0	0	0	0	0	0	0	50	40	0	0	0	0	0	0	0	0	0	0	0	0	0	0	0	0	0	0	0	0	0	0	0	0	0	0	0	0	0	0	0	0	1	0	0	0	0	0	0	0
ASV184	0	0	0	0	0	0	0	0	0	0	0	0	0	0	0	0	0	0	0	0	0	0	0	0	0	0	18	11	0	0	0	0	0	0	0	0	0	0	0	0	0	0	0	0	0	0	0	0	0	0	0	0	0	0	0	0	0	0	0	0	0	1	0	0	0	0	0	0
ASV180	0	0	0	0	0	0	0	0	0	0	0	0	0	0	0	0	0	0	0	0	0	0	0	0	0	0	19	12	0	0	0	0	0	0	0	0	0	0	0	0	0	0	0	0	0	0	0	0	0	0	0	0	0	0	0	0	0	0	0	0	0	0	0	0	0	0	0	0
ASV108	0	0	0	0	0	0	0	0	0	0	0	0	0	0	0	0	0	0	0	0	0	0	0	0	0	0	67	44	0	0	0	0	0	0	0	0	0	0	0	0	0	0	0	0	0	0	0	0	0	0	0	0	0	0	0	0	0	0	1	0	0	0	2	0	0	0	1	0
ASV172	0	0	0	0	0	0	0	0	0	0	0	0	0	0	0	0	0	0	0	0	0	0	0	0	0	0	19	16	0	0	0	0	0	0	0	0	0	0	0	0	0	0	0	0	0	0	0	0	0	0	0	0	0	0	0	0	0	0	0	0	0	0	2	0	0	0	0	0
ASV148	0	0	0	0	0	0	0	0	0	0	0	0	0	0	0	0	0	0	0	0	0	0	0	0	0	0	20	25	0	0	0	0	0	0	0	0	0	0	0	0	0	0	0	0	0	0	0	0	0	0	0	0	0	0	0	0	0	0	1	1	0	0	0	0	0	0	0	0
ASV54	0	0	0	0	0	0	0	0	0	0	0	0	0	0	0	0	0	0	0	0	0	0	0	0	0	0	0	1	0	0	0	2	402	411	209	227	1	1	0	0	0	0	0	0	0	0	0	0	0	0	0	0	0	0	0	0	0	0	0	0	0	0	0	0	0	0	0	0
ASV102	0	0	0	0	0	0	0	0	0	0	0	0	0	0	0	0	0	0	0	0	0	0	0	0	0	0	0	0	51	47	37	41	0	0	0	0	0	0	0	0	0	0	0	0	0	0	0	0	0	0	0	0	0	0	1	0	0	0	0	0	0	0	0	0	0	0	0	0
ASV107	0	0	0	0	0	0	0	0	0	0	0	0	0	0	0	0	0	0	0	0	0	0	0	0	0	0	0	0	42	44	38	31	0	0	0	0	0	0	0	0	0	0	0	0	0	0	0	0	0	0	0	0	0	0	0	0	0	0	0	0	0	0	0	0	0	0	0	0
ASV181	0	0	0	0	0	0	0	0	0	0	0	0	0	0	0	0	0	0	0	0	0	0	0	0	0	0	0	0	3	1	0	0	2	1	8	15	0	0	0	0	0	0	0	0	0	0	0	0	0	0	1	0	0	0	0	0	0	0	0	0	0	0	0	0	0	0	0	0
ASV65	0	0	0	0	0	0	0	0	0	0	0	0	0	0	0	0	0	0	0	0	0	0	0	0	0	0	0	0	13	20	29	23	1	0	26	0	0	0	0	0	1	0	0	0	0	0	0	0	55	43	51	55	67	56	60	63	0	0	0	0	0	0	0	0	0	0	0	0
ASV176	0	0	0	0	0	0	0	0	0	0	0	0	0	0	0	0	0	0	0	0	0	0	0	0	0	0	0	0	2	2	15	11	0	0	0	0	0	0	0	0	0	0	0	0	0	0	0	0	0	0	0	0	0	0	0	0	0	0	0	0	0	0	0	0	0	0	0	0
ASV153	0	0	0	0	0	0	0	0	0	0	0	0	0	0	0	0	0	0	0	0	0	0	0	0	0	0	0	0	0	1	6	2	7	20	3	1	0	0	5	3	1	1	0	1	0	2	1	0	0	0	0	0	0	0	0	0	0	0	0	0	0	0	0	0	0	0	0	0
ASV93	0	0	0	0	0	0	0	0	0	0	0	0	0	0	0	0	0	0	0	0	0	0	0	0	0	0	0	0	0	3	1	0	68	59	33	23	0	0	0	3	0	0	0	0	0	0	0	0	0	0	0	0	0	0	1	0	0	0	1	0	0	1	0	0	0	0	1	0
ASV166	0	0	0	0	0	0	0	0	0	0	0	0	0	0	0	0	0	0	0	0	0	0	0	0	0	0	0	0	0	0	1	0	0	0	0	0	0	0	0	0	0	0	0	0	0	0	0	0	0	0	0	0	0	0	0	0	0	0	0	0	3	0	2	2	1	3	8	3
ASV96	0	0	0	0	0	0	0	0	0	0	0	0	0	0	0	0	0	0	0	0	0	0	0	0	0	0	0	0	0	0	0	1	42	62	32	43	0	0	0	0	0	0	0	0	0	0	0	0	0	0	0	0	0	0	0	0	0	0	0	0	0	0	0	0	0	0	0	0
ASV197	0	0	0	0	0	0	0	0	0	0	0	0	0	0	0	0	0	0	0	0	0	0	0	0	0	0	0	0	0	0	0	0	4	6	2	2	0	0	0	0	0	0	0	0	0	0	0	0	0	0	0	0	0	0	0	0	0	0	0	0	0	0	0	0	0	0	0	0
ASV109	0	0	0	0	0	0	0	0	0	0	0	0	0	0	0	0	0	0	0	0	0	0	0	0	0	0	0	0	0	0	0	0	44	46	20	20	0	0	0	0	0	0	0	0	0	0	0	0	0	0	0	0	0	0	0	0	0	0	0	0	0	0	0	0	0	0	0	0
ASV131	0	0	0	0	0	0	0	0	0	0	0	0	0	0	0	0	0	0	0	0	0	0	0	0	0	0	0	0	0	0	0	0	31	27	15	11	0	0	0	0	0	0	0	0	0	0	0	0	0	0	0	0	0	0	0	0	0	0	0	0	0	0	0	0	0	0	0	0
ASV69	0	0	0	0	0	0	0	0	0	0	0	0	0	0	0	0	0	0	0	0	0	0	0	0	0	0	0	0	0	0	0	0	92	152	111	80	0	4	0	0	0	0	0	0	0	0	0	0	0	0	0	0	0	0	0	0	0	0	0	0	0	0	0	0	0	0	0	0
ASV185	0	0	0	0	0	0	0	0	0	0	0	0	0	0	0	0	0	0	0	0	0	0	0	0	0	0	0	0	0	0	0	0	2	8	3	3	0	0	0	0	0	0	0	0	0	0	0	0	0	0	0	0	0	0	0	0	0	0	0	0	0	0	0	0	0	0	0	0
ASV170	0	0	0	0	0	0	0	0	0	0	0	0	0	0	0	0	0	0	0	0	0	0	0	0	0	0	0	0	0	0	0	0	0	0	0	0	0	0	1	0	0	0	0	0	0	0	0	0	0	0	21	2	0	0	0	1	0	0	0	0	0	0	0	0	0	0	0	0
ASV90	0	0	0	0	0	0	0	0	0	0	0	0	0	0	0	0	0	0	0	0	0	0	0	0	0	0	0	0	0	0	0	0	0	0	0	0	0	0	0	0	118	91	0	0	0	0	0	0	0	0	0	0	0	0	0	0	0	0	0	0	0	0	0	0	0	0	0	0
ASV205	0	0	0	0	0	0	0	0	0	0	0	0	0	0	0	0	0	0	0	0	0	0	0	0	0	0	0	0	0	0	0	0	0	0	0	0	0	0	0	0	0	0	0	0	0	0	0	0	0	0	0	0	0	0	0	0	0	0	0	0	1	0	1	0	0	0	13	1
